7798933
14182798
2317489
2761480
12070436
6811285
9207844
10533270
2118930
7849457
2642793
16729959
9771896
15221249
16031702
11406448
8458795
14328515
11039219
13726787
14365527
4953291
5255188
9387448
8674390
6755944
15000308
4194271
11351406
3847959
4708492
15149260
1068205
13777092
5677316
7934956
13044293
4611272
12423328
5262366
4164816
7371375
13300740
4028209
9853332
1858355
8403265
14031374
16484414
6411051
16378729
4099180
5441967
1920093
16034690
16225740
14988876
9421467
6730724
3123527
14860511
13096314
14157337
1982385
3884862
13438866
4881012
13039013
8798483
5003216
14389149
3062321
9221818
14799865
7492181
1655059
4040110
8981686
458407
9971167
2911509
3650729
11224775
7317930
14363365
1668808
7496863
6420641
15773871
7611952
12805422
14257458
2176376
1616912
2446189
8784273
14397419
11620578
15540104
1247943
10735920
1197639
8724944
15708324
1205213
12683316
12053164
4085981
10210288
15843287
2911624
13708947
5141343
12016306
11235160
8020191
5239488
13217229
10757668
15865634
8328581
852379
1443970
9662268
14796201
16752746
15369884
15347022
3619381
11233391
7707890
11097135
9582268
13925759
7892865
13108831
16185054
12789375
9381270
12783370
13416489
3137844
13864695
14147198
14638330
6067650
1140113
7932760
10157237
4029306
14397243
11357907
554872
11645954
6716549
15471764
10902905
15432130
876522
7604912
1127327
12627121
6033160
5141200
14079799
579119
6158796
15101665
12480916
11062114
13026514
15736848
13959470
10608366
9484378
16286626
2318353
6629446
11259789
14857121
16531140
8810972
16666560
5445462
13213301
13803945
15077586
8879688
4504802
10109481
6553996
5950837
12281794
3253959
11553093
6315905
5475160
7604001
6602203
6709970
7159976
16251383
294482
12065191
9982515
15510738
809508
16645563
12667444
9494923
3176323
3889228
7455317
2984101
12735097
15541756
3174984
5193820
12703729
14170513
10088492
6434226
14607713
14808667
8340079
2277476
3140544
10942661
15877870
8504796
3974689
1457808
4523313
10722135
9815349
6772251
6140459
6475396
15195279
3973708
1991034
6528678
5683274
9012416
13564688
15253724
8533332
8800078
15622968
182749
2205526
6604317
861765
7309215
5267631
1661483
14430151
1988540
10282669
2975384
5889717
1748304
14961046
11376309
7887948
1582086
12894403
626067
6727964
11397039
10717787
10229416
11731862
7614819
9951184
3817475
1620927
4853381
2928548
7532188
7557280
16684109
13682013
15340127
5432615
8430989
7255518
13735625
4078167
14104942
15821778
11228221
15920185
10676868
14350580
15254183
6464700
3989345
16413034
16776543
1590147
4444716
14846344
3743748
2687737
5188912
15093654
12472712
7653669
11176019
13141595
13925255
16772497
16191644
1918276
921049
1678378
10281119
10466357
7863866
8120121
12877939
13258252
1507337
249774
10399552
1841653
16686372
12239491
14901509
6095801
5973316
3077037
145972
12968466
15755645
7651818
6199818
16057135
9821176
6949598
1498446
1912389
12072333
2138984
4878067
4264233
15028581
15635557
4953259
15525269
1111991
13520939
16374789
10538690
11477294
1363915
6384312
8048777
490189
5365889
2235456
4804954
4922056
9195795
9945221
11244208
9256999
11537315
6655336
8742074
1789443
11950647
7737476
14367817
5701012
12710509
4450591
1548804
1629576
933640
12723558
12143161
1169075
9993131
14629776
5298536
3908490
7034796
6735932
14743065
12211891
12791822
991612
4493331
6779517
1160628
2728596
15774604
14501143
16755568
305444
4032348
11446565
6876942
11238065
238494
16692601
11489391
963328
6383014
13561526
6480315
10226062
11117161
7809001
9630485
2678941
6466807
12597613
14504614
13005792
14048957
2831586
12166807
8389031
13184703
1556304
309621
10807478
2991873
6821235
2539973
13140078
9117633
12328568
10381993
16716268
12239374
2776475
11371870
13078769
4313778
3925925
8167670
8248346
5129794
10515562
14587585
10278588
10679148
6669165
10462762
4564267
15166590
12958444
2275639
2611109
8904776
11642833
9603963
6822476
6117463
1173625
2938721
5563059
1077909
459133
8224919
7403349
6568494
2353253
15566315
5116983
5843611
16273810
12183648
4485984
16485222
7240358
7712793
3461489
8406846
14257707
8309148
8089536
6942858
5701240
15275608
10254264
8639656
14258560
14494085
9336817
9734270
5514126
12168804
134281
930045
13635819
13974923
6113983
2923416
15385563
3853343
2784620
1239454
16183958
5452075
2686537
7059651
2678138
7750074
15822880
11478755
14509603
1211442
10803725
1137274
5736908
12475725
14402797
10952672
8839709
1537356
9288610
10365132
7791691
8638831
10403485
6767387
6428022
16378932
869468
13097262
11540776
6303227
3753196
9561281
5110248
11216492
6629238
8357957
11028796
14325136
1828857
10442309
5734774
5740751
8763892
14890372
3577433
4903915
11283592
3690231
4642541
3090397
8609519
1688503
4882564
6086844
12204702
10715266
5363359
4823071
9737324
12815694
7324198
6435346
7686463
13833675
8667696
8398717
13909614
13907610
4984517
854254
3085285
3255871
8339384
4655069
15423354
717760
16219465
7477800
7423857
11807478
3469837
9937650
12871460
9237393
15203418
6987072
15672872
8148661
3302784
14626446
10225891
15076371
4125934
15065637
7578502
7083332
14264786
6039636
1205964
8528105
2372734
13637293
3336816
3758621
10862523
13553454
5494130
15337308
12869125
1563577
15573406
10529251
2489786
9871446
2930550
16443206
16741957
16363968
13259699
7495077
834964
736598
7895323
3621778
11904356
6888384
664039
7750255
16220471
14807010
9227626
9629841
15793519
2596680
13195703
4948756
609113
13385684
2187302
3099102
13695691
14122921
7776128
11799995
8824220
10731319
10414380
6747414
1935643
7813620
11825533
15653419
3259273
14241725
2815869
1206800
367805
11099862
10577915
2857286
10227483
7124078
2745227
12342498
6743622
7892727
10062162
5269950
3971395
6832636
16523785
1356125
3722031
5494263
375153
16068980
7644695
6287242
5745106
13581137
7906342
16517020
7315059
7351939
14772742
7530833
12011822
14645828
2377491
14817883
12563765
10368630
12069593
7411184
13410314
13257436
2365541
11600334
7897667
6352281
11592908
7126734
13499996
10376125
3097777
6931253
12936475
4195314
8622481
9812835
6528860
3428118
13850918
1353121
10216740
3291338
4891773
8855241
6398905
14777744
11679467
3897058
3101012
2722139
9039032
4486766
7718531
4584170
283376
12092881
15482079
7176833
13097910
927814
13308385
2209774
2447682
191007
9290986
11088135
12594114
13856337
15127130
16447755
13541476
465201
13606056
15703929
5246960
8768734
3584192
9610302
16211654
16293690
5873355
16135164
2192436
10727514
4469890
13628573
2771415
13179676
8000698
2987050
16540153
10100499
3012994
10253604
4664274
13587259
12125555
6420592
6642432
1055422
10133023
7012378
4919994
5988567
11972490
2821090
12151237
16215337
8574881
2567100
8847527
16549638
5755692
4561160
14599245
9972458
603310
12808297
5470945
2904562
3515029
13916065
10955672
11023982
16572159
8200212
15006428
10031731
16584932
6894285
12562312
14318917
16721648
8389168
4987296
15708570
12568764
7033513
2894987
9603325
10472742
10621654
545701
15871838
2250138
12589010
7321042
2247798
13359090
8159072
15562939
13559526
2948169
1837765
13511780
2741755
8670104
2852402
4473077
8186545
10838124
12223648
13926604
11714066
14505516
13982452
15078713
3633690
14313083
2329158
7506633
7588421
10185012
826358
10936180
13330790
7586607
9762379
11075501
3820244
14046383
15024367
7842818
4898027
1661621
16687552
9821644
15874466
13418684
16201451
4590419
12251004
12055467
6209353
3121344
13766717
7494780
16259209
11434079
914345
12505919
8654713
11255755
1550942
4244079
3251548
11374064
16193262
14457193
10549502
15815981
10901942
11430883
12482203
10127950
11670903
14362020
14606987
12147371
4034412
13637301
15031011
9012828
8397972
9596443
14577664
6858020
2174758
14793216
11927108
2677422
12446057
4392101
15431629
12498540
7782132
16289773
9150302
11891372
14543116
8291993
5548304
9411158
1914625
10081365
1355195
10044225
14485153
5137858
5434978
10768657
8926047
11772239
12769582
6537265
2890637
6838909
11508947
15255249
11057616
6999156
14980459
12714127
10526055
3891294
5534224
11142628
14656734
1429729
12241054
739450
1744057
15753293
11880503
7286314
3282222
1813445
7665459
7791505
8400692
13933694
5192004
9947664
8194396
11147916
2345614
4038970
10325866
3511366
16101280
5920517
2911296
13034340
2706418
14014791
13886391
7235352
4822226
2638994
16222458
14662211
1677390
11183356
15775084
14663610
1405626
14764789
10675107
15199765
6565173
6811156
11249876
5046783
1634158
6997894
3667189
15749959
11352753
14359221
327228
10082057
4230933
4770479
3684053
6216275
2728244
2716416
10734483
1066347
15735516
2470087
7360266
2484863
14904932
7594540
10007990
13321261
14708586
13663387
7075088
15069813
8111862
617163
3356693
11938059
7784663
6010861
8744785
6924776
4863848
822076
10764477
2651109
10347941
8805306
5911463
10696938
13131956
7464152
462450
4672196
9735602
9580440
15423118
8381217
9036251
15318505
11195871
7895922
3091871
14757091
2753485
9891472
13580914
14052338
6732441
4065524
12012206
7979043
9845504
5195531
10431975
3103061
3022827
9776368
11376269
12206171
14449122
3791136
13691602
7024362
12533031
4867670
3563019
303522
10214817
1493122
8512752
3256197
7026819
9334851
6156596
1328579
5608496
9142199
453662
7538952
12440365
16739714
16086738
2284347
10106336
9117743
7509502
3326976
321700
6633122
549064
10909788
10080034
5378925
9931660
14684251
10988284
8243709
11233871
11046364
262613
2647921
4699993
10220364
4365608
14933683
7449734
5171626
13415665
5454351
10988720
2215900
14144480
3001573
3074385
1167427
13846766
2605150
5761882
6809917
1375553
7692099
9809934
10629222
5781197
13136108
1826617
4838249
9180881
2708276
13267730
1778272
7429903
16679136
15246979
7359512
168164
16125593
9177194
7094735
3022206
6503866
3130577
1485722
6350373
15106971
9855972
8977939
10057261
5756639
4322491
12845725
10642743
16669783
5872595
13351760
4218741
8315794
1983813
6360944
3543602
3103223
1408399
8031032
11422819
12409746
11901906
4356821
6561008
873472
1382957
3170940
8039007
8442374
4755165
278998
5599468
8156765
12961641
1113370
13173882
11045852
6773044
382923
10377902
8535560
1184829
7283050
14609964
7111760
11755757
4874495
1058425
6112697
7283750
7118635
5682928
8559557
8091863
8219665
5239624
8926604
378768
12010843
10368908
2426518
13606560
7128473
3062974
6625806
2259809
4200232
3000685
12950289
295780
3499805
15980060
1837202
5258533
1852872
4106215
16111431
13543417
11802588
15579110
12601415
6804697
6283909
6527676
7561440
14958993
9444231
5970247
15218925
14932164
14735806
3463371
5921425
816911
4145259
6673882
9560484
1131371
2856251
5148977
6173816
7197367
2016279
6559719
13267891
7796498
16228753
8419540
16684527
4259707
8903444
8038077
9182907
8256963
11526121
7215504
2009370
7345315
3878317
1118275
15947081
15120482
2435824
2584587
10578380
9686535
3035489
14658641
8983062
8159936
14279500
4039780
10724085
727706
1780737
5386235
2674704
1938994
13014343
10508731
3276612
11691658
9650951
11906658
571493
16131993
1955607
1781716
12122926
7926168
8666941
7633958
9374627
12050797
6265983
10396098
4825079
8478215
5726761
12022303
13302855
1830320
6064664
13069294
15644929
9793473
13324395
2261867
16585386
6014810
1855509
11801432
699893
2207484
12740981
2785907
1164212
12189221
1229246
3737451
12735999
14830872
14019266
5064720
12854606
7076683
1981574
12789578
12906952
4933102
11096597
14956365
826609
16558365
15138544
10629860
16188248
4735834
3790783
9129991
5899841
8889087
5000474
4644790
2159755
4408359
5861252
3189224
10821928
12011200
4697666
1370254
7824970
14119719
12289061
10963180
7870551
1942464
13511677
13270839
8887335
14677684
9541415
5030919
11444883
15390709
10045823
16647772
2933152
5295182
13571017
7548415
8561350
13692469
9660088
4123020
2801561
7602070
11401684
14686250
16464955
5620943
3633292
7784618
11207246
2209634
12814906
2383379
4526574
11593453
7740672
14351289
13560157
8367914
7001373
11186363
1956187
497332
4292511
1684304
11052317
2932348
13168196
12750713
6392517
5147046
15368156
14395803
3931622
9636811
15966854
2130994
11160140
6884415
14985429
14251836
8317818
9925433
904774
8064993
763604
4744519
4974370
4206327
16383034
12354992
3533439
14924852
6028565
3564761
12916508
3138166
5002581
5459956
7998310
12926513
13741776
15273621
1557326
4465156
12881562
6018296
8413513
4881829
5730188
3621380
8462450
5007529
7263770
3330604
15749524
13413463
11086281
13576091
13906353
6862184
13738313
4980728
1340326
3301304
7860500
14351463
10423685
7426587
6470339
12553267
16589423
8443667
6756078
12818899
6781176
1570733
13546858
11863996
1567080
475120
7916012
16501390
5602463
8527648
4372224
2583557
6019322
2875828
6662132
4727041
15807496
4480562
5383668
16332991
639952
11575585
3956254
5543775
14935543
5975556
7802748
13694306
13732911
9520086
1233412
7587010
11628855
10906003
15799489
8494558
12647890
11813730
10707460
8709709
9586509
10498417
5723954
10988825
4142695
14866191
8162131
2645726
6261720
6402437
7353780
6984581
8344612
14033659
11646556
12297020
7240937
296262
12170721
226190
13371287
668315
4393794
11783240
16516643
3024431
8990195
6093067
10730283
16747594
14811652
4275238
7163371
3141612
13118869
12258429
11683952
1164025
6742820
7530206
2894196
6935799
6405439
16776785
1288385
4223648
16031552
8446575
9351671
14409249
9033032
16486887
16561221
13405064
15353231
16508373
6402783
10550987
10970977
14355344
6019026
1292308
10351263
7229941
1070646
12756795
16088732
11014216
3649499
15138836
4477522
15811312
10768929
6671839
14144431
9355622
2141134
6591570
13484406
3865563
14608305
6416353
9747625
8653305
15942410
15918179
16039158
8372824
10502370
9599203
4561066
12685078
6281716
14993505
9346549
12907269
14690562
13926720
14926317
8331213
10107694
4693936
16098273
1686339
3717211
5775795
12757427
3398915
9993853
11193691
10223310
5077074
10705250
3820214
1837896
12295403
15096958
10875437
10808847
1261374
15633219
10370430
2825430
11487584
15221650
3714087
4135038
3179661
10679046
5047280
16469527
3875798
460851
621161
7079259
1195584
13150759
10867811
425653
16119068
10338338
6269988
921126
13905424
4081376
4822415
13344613
4471480
4537735
16775361
6570863
8340843
7854087
15689355
1796736
13131525
14529680
10782411
9867261
542764
14875563
3812910
10963509
16315615
11492239
9551550
9430843
7534217
16405852
13878452
11574285
10472219
6179637
478803
2260316
5904951
4060760
3492346
12602084
11302768
2525671
7747694
8317203
12572220
903018
5614141
12071429
14070828
4522687
5748030
16293986
6261862
4370898
4272809
4908447
13801304
11480643
2686389
7373656
2199281
15802865
1140382
3757609
4212118
12019812
9823467
16587057
13412427
8358935
13960702
1330681
13258350
2577607
3234196
5096904
10634876
9820464
6382695
11141550
6511435
11814894
14913816
6983358
14011167
855720
3657910
1693075
12535256
8089923
8631663
723283
13771899
467527
1039271
2364343
16188941
2389918
947809
572223
5269423
14923865
2083830
9738202
6042520
2449219
16242240
4692636
5416805
11372523
2325976
7892958
4592094
5760494
12644788
4352557
7452183
11357804
7424813
4921573
2181473
8849143
2382282
4616450
12904023
15636854
12085566
12081880
8031402
6360861
15523518
13663710
4337439
1850131
15886447
1953124
9007768
6393078
1663428
8800329
5332377
16120395
15348152
11193145
3525417
14975140
14576462
15667901
16658790
7798588
4193606
2818472
6070167
9007825
14932728
10547931
1401818
14849944
2837784
3073092
12642807
6787189
1314229
5330449
1682991
212417
7075329
16389576
12770332
9014919
12734043
3619486
5498401
10766952
10727649
10768600
13191404
2813462
14830619
4859490
8666105
3630564
2133363
8619224
1535742
15089360
5745183
271971
4098173
2731031
8646541
13481082
8388254
2175899
7439047
15143796
8678595
1803056
1146672
16690491
7520526
2343478
7991485
7469550
9029989
12149521
3777343
11987054
8045097
9510000
8607594
14996444
3327501
2832550
1949246
15454220
8341815
12588819
5782515
4245142
5129688
10595832
619507
10369773
13388068
6457337
3082071
11650601
5650575
9727307
8502850
10894751
474067
14436962
16187841
647804
13548588
8155924
9471783
16344694
1415126
3337751
8601276
299943
6649258
12693512
14671139
7218460
3947321
2661219
6752596
13179992
3402654
13081125
1222393
161583
8733090
11627379
10462923
10914495
11796624
7133415
1178401
14351663
14141316
4741662
1637877
12190181
4517525
10286731
9825978
5919843
2824098
15076273
13621474
8570595
2971938
12184993
16043884
457682
6859664
16246460
4394470
724699
12463515
10520510
5393156
14033946
15221639
4814707
11068581
310306
1711755
2215823
13436720
14521134
7152942
7387061
4293436
5642893
13666581
9786923
13933370
6700740
16469161
14789684
4331288
6569028
14321547
768228
12303634
9070994
3475095
14077148
4375728
15653392
13096875
2404959
15123084
9890049
15664463
14803964
16330916
8817544
9768580
7999311
8345391
12567180
8949514
14710076
13544553
4967691
1136497
12131469
2586218
6064505
5955125
5329647
7714850
5872377
2207545
2789865
9263503
6737672
9713844
13815249
15770297
2321168
143293
10066543
12720245
15503576
14065218
13230255
11442391
15859288
14521410
15165569
1391376
252571
10566076
8838937
223964
2811798
2466238
8372603
15493608
15714775
16710779
7963544
5552488
14791583
3052095
2497087
9554630
11914196
9434775
3194750
7147425
6906506
15336904
7093102
